100 250 3 873483945
115 300 2 873483945
200 100 5 873483945
320 203 5 873483945
102 385 1 873483945
905 724 2 873483945
294 433 3 873483945
100 250 3 873483945
115 300 2 873483945
203 100 5 873483945
320 203 5 873483945
102 385 1 873483945
905 724 2 873483945
294 433 3 873483945
100 250 3 873483945
115 300 2 873483945
201 100 5 873483945
320 203 5 873483945
102 385 1 873483945
905 724 2 873483945
294 433 3 873483945
100 250 3 873483945
119 300 2 873483945
200 100 5 873483945
320 203 5 873483945
102 385 1 873483945
905 724 2 873483945
294 433 3 873483945
100 250 3 873483945
115 300 2 873483945
200 100 5 873483945
320 203 5 873483945
102 385 1 873483945
905 724 2 873483945
294 433 3 873483945
104 250 3 873483945
115 300 2 873483945
200 100 5 873483945
320 203 5 873483945
102 385 1 873483945
905 724 2 873483945
298 433 3 873483945
